1246.79  345.30181
1246.8067  345.29694
1246.8233  345.29202
1246.84  345.28704
1246.8567  345.28199
1246.8733  345.27688
1246.89  345.27168
1246.9067  345.2664
1246.9233  345.26103
1246.94  345.25556
1246.9567  345.24998
1246.9733  345.24428
1246.99  345.23845
1247.0067  345.23248
1247.0233  345.22635
1247.04  345.22006
1247.0567  345.21358
1247.0733  345.20691
1247.09  345.20003
1247.1067  345.19291
1247.1233  345.18554
1247.14  345.1779
1247.1567  345.16997
1247.1733  345.16173
1247.19  345.15314
1247.2067  345.14419
1247.2233  345.13485
1247.24  345.12508
1247.2567  345.11486
1247.2733  345.10415
1247.29  345.09291
1247.3067  345.08112
1247.3233  345.06872
1247.34  345.05568
1247.3567  345.04195
1247.3733  345.02748
1247.39  345.01223
1247.4067  344.99615
1247.4233  344.97917
1247.44  344.96124
1247.4567  344.94231
1247.4733  344.9223
1247.49  344.90116
1247.5067  344.8788
1247.5233  344.85517
1247.54  344.83018
1247.5567  344.80375
1247.5733  344.77581
1247.59  344.74626
1247.6067  344.71503
1247.6233  344.68201
1247.64  344.64712
1247.6567  344.61025
1247.6733  344.5713
1247.69  344.53017
1247.7067  344.48675
1247.7233  344.44092
1247.74  344.39258
1247.7567  344.3416
1247.7733  344.28787
1247.79  344.23126
1247.8067  344.17164
1247.8233  344.10889
1247.84  344.04287
1247.8567  343.97345
1247.8733  343.9005
1247.89  343.82387
1247.9067  343.74344
1247.9233  343.65905
1247.94  343.57056
1247.9567  343.47784
1247.9733  343.38074
1247.99  343.27912
1248.0067  343.17282
1248.0233  343.06172
1248.04  342.94566
1248.0567  342.8245
1248.0733  342.69811
1248.09  342.56634
1248.1067  342.42905
1248.1233  342.28612
1248.14  342.13741
1248.1567  341.9828
1248.1733  341.82216
1248.19  341.65537
1248.2067  341.48231
1248.2233  341.30289
1248.24  341.11698
1248.2567  340.9245
1248.2733  340.72536
1248.29  340.51947
1248.3067  340.30675
1248.3233  340.08713
1248.34  339.86056
1248.3567  339.62698
1248.3733  339.38635
1248.39  339.13864
1248.4067  338.88381
1248.4233  338.62187
1248.44  338.3528
1248.4567  338.07662
1248.4733  337.79334
1248.49  337.50299
1248.5067  337.20562
1248.5233  336.90127
1248.54  336.59002
1248.5567  336.27195
1248.5733  335.94713
1248.59  335.61568
1248.6067  335.2777
1248.6233  334.93333
1248.64  334.5827
1248.6567  334.22597
1248.6733  333.86329
1248.69  333.49484
1248.7067  333.12081
1248.7233  332.74139
1248.74  332.35679
1248.7567  331.96723
1248.7733  331.57294
1248.79  331.17416
1248.8067  330.77113
1248.8233  330.36413
1248.84  329.9534
1248.8567  329.53923
1248.8733  329.1219
1248.89  328.7017
1248.9067  328.27892
1248.9233  327.85387
1248.94  327.42685
1248.9567  326.99817
1248.9733  326.56815
1248.99  326.1371
1249.0067  325.70535
1249.0233  325.27321
1249.04  324.81172
1249.0567  324.34348
1249.0733  323.87582
1249.09  323.40906
1249.1067  322.94352
1249.1233  322.47952
1249.14  322.01737
1249.1567  321.55738
1249.1733  321.09984
1249.19  320.64507
1249.2067  320.19334
1249.2233  319.74495
1249.24  319.30018
1249.2567  318.85928
1249.2733  318.42253
1249.29  317.99017
1249.3067  317.56246
1249.3233  317.13961
1249.34  316.72187
1249.3567  316.30943
1249.3733  315.9025
1249.39  315.50127
1249.4067  315.10591
1249.4233  314.71661
1249.44  314.3335
1249.4567  313.95674
1249.4733  313.58645
1249.49  313.22276
1249.5067  312.86576
1249.5233  312.51557
1249.54  312.17224
1249.5567  311.83587
1249.5733  311.5065
1249.59  311.18419
1249.6067  310.86896
1249.6233  310.56084
1249.64  310.25984
1249.6567  309.96597
1249.6733  309.67921
1249.69  309.39954
1249.7067  309.12694
1249.7233  308.86137
1249.74  308.60277
1249.7567  308.35109
1249.7733  308.10627
1249.79  307.86823
1249.8067  307.63688
1249.8233  307.41215
1249.84  307.19393
1249.8567  306.98213
1249.8733  306.77663
1249.89  306.57732
1249.9067  306.38409
1249.9233  306.19682
1249.94  306.01537
1249.9567  305.83962
1249.9733  305.66943
1249.99  305.50468
1250.0067  305.34521
1250.0233  305.1909
1250.04  305.04159
1250.0567  304.89715
1250.0733  304.75744
1250.09  304.62231
1250.1067  304.49161
1250.1233  304.36521
1250.14  304.24295
1250.1567  304.1247
1250.1733  304.01032
1250.19  303.89966
1250.2067  303.7926
1250.2233  303.68898
1250.24  303.58868
1250.2567  303.49156
1250.2733  303.3975
1250.29  303.30637
1250.3067  303.21804
1250.3233  303.13239
1250.34  303.04931
1250.3567  302.96867
1250.3733  302.89036
1250.39  302.81428
1250.4067  302.74032
1250.4233  302.66837
1250.44  302.59834
1250.4567  302.53013
1250.4733  302.46364
1250.49  302.39879
1250.5067  302.33549
1250.5233  302.27365
1250.54  302.2132
1250.5567  302.15406
1250.5733  302.09615
1250.59  302.03941
1250.6067  301.98376
1250.6233  301.92915
1250.64  301.87552
1250.6567  301.82279
1250.6733  301.77092
1250.69  301.71986
1250.7067  301.66955
1250.7233  301.61994
1250.74  301.571
1250.7567  301.52268
1250.7733  301.47493
1250.79  301.42772
1250.8067  301.38101
1250.8233  301.33476
1250.84  301.28896
1250.8567  301.24356
1250.8733  301.19853
1250.89  301.15386
1250.9067  301.10951
1250.9233  301.06546
1250.94  301.02169
1250.9567  300.97817
1250.9733  300.9349
1250.99  300.89184
1251.0067  300.84899
1251.0233  300.80633
1251.04  300.76384
1251.0567  300.7215
1251.0733  300.67932
1251.09  300.63727
1251.1067  300.59534
1251.1233  300.55353
1251.14  300.51182
1251.1567  300.4702
1251.1733  300.42867
1251.19  300.38723
1251.2067  300.34585
1251.2233  300.30455
1251.24  300.2633
1251.2567  300.22211
1251.2733  300.18097
1251.29  300.13988
1251.3067  300.09883
1251.3233  300.05781
1251.34  300.01683
1251.3567  299.97589
1251.3733  299.93497
1251.39  299.89407
1251.4067  299.8532
1251.4233  299.81236
1251.44  299.77153
1251.4567  299.73071
1251.4733  299.68992
1251.49  299.64913
1251.5067  299.60837
1251.5233  299.56761
1251.54  299.52686
1251.5567  299.48612
1251.5733  299.44539
1251.59  299.40467
1251.6067  299.36395
1251.6233  299.32324
1251.64  299.28253
1251.6567  299.24183
1251.6733  299.20114
1251.69  299.16044
1251.7067  299.11975
1251.7233  299.07907
1251.74  299.03838
1251.7567  298.9977
1251.7733  298.95702
1251.79  298.91635
1251.8067  298.87567
1251.8233  298.835
1251.84  298.79433
1251.8567  298.75366
1251.8733  298.71299
1251.89  298.67232
1251.9067  298.63165
1251.9233  298.59098
1251.94  298.55031
1251.9567  298.50965
1251.9733  298.46898
1251.99  298.42832
1252.0067  298.38765
1252.0233  298.34699
1252.04  298.30632
1252.0567  298.26566
1252.0733  298.22499
1252.09  298.18433
1252.1067  298.14366
1252.1233  298.103
1252.14  298.06234
1252.1567  298.02167
1252.1733  297.98101
1252.19  297.94035
1252.2067  297.89969
1252.2233  297.85902
1252.24  297.81836
1252.2567  297.7777
1252.2733  297.73703
1252.29  297.69637
1252.3067  297.65571
1252.3233  297.61505
1252.34  297.57438
1252.3567  297.53372
1252.3733  297.49306
1252.39  297.4524
1252.4067  297.41173
1252.4233  297.37107
1252.44  297.33041
1252.4567  297.28975
1252.4733  297.24908
1252.49  297.20842
1252.5067  297.16776
1252.5233  297.1271
1252.54  297.08643
1252.5567  297.04577
1252.5733  297.00511
1252.59  296.96445
1252.6067  296.92378
1252.6233  296.88312
1252.64  296.84246
1252.6567  296.8018
1252.6733  296.76113
1252.69  296.72047
1252.7067  296.67981
1252.7233  296.63915
1252.74  296.59848
1252.7567  296.55782
1252.7733  296.51716
1252.79  296.4765
1252.8067  296.43583
1252.8233  296.39517
1252.84  296.35451
1252.8567  296.31385
1252.8733  296.27318
1252.89  296.23252
1252.9067  296.19186
1252.9233  296.1512
1252.94  296.11053
1252.9567  296.06987
1252.9733  296.02921
1252.99  295.98855
1253.0067  295.94788
1253.0233  295.90722
1253.04  295.86656
1253.0567  295.8259
1253.0733  295.78523
1253.09  295.74457
1253.1067  295.70391
1253.1233  295.66325
1253.14  295.62258
1253.1567  295.58192
1253.1733  295.54126
1253.19  295.5006
1253.2067  295.45993
1253.2233  295.41927
1253.24  295.37861
1253.2567  295.33795
1253.2733  295.29728
1253.29  295.25662
1253.3067  295.21596
1253.3233  295.1753
1253.34  295.13463
1253.3567  295.09397
1253.3733  295.05331
1253.39  295.01265
1253.4067  294.97198
1253.4233  294.93132
1253.44  294.89066
1253.4567  294.85
1253.4733  294.80933
1253.49  294.76867
1253.5067  294.72801
1253.5233  294.68735
1253.54  294.64668
1253.5567  294.60602
1253.5733  294.56536
1253.59  294.5247
1253.6067  294.48403
1253.6233  294.44337
1253.64  294.40271
1253.6567  294.36205
1253.6733  294.32138
1253.69  294.28072
1253.7067  294.24006
1253.7233  294.1994
1253.74  294.15873
1253.7567  294.11807
1253.7733  294.07741
1253.79  294.03675
1253.8067  293.99608
1253.8233  293.95542
1253.84  293.91476
1253.8567  293.8741
1253.8733  293.83343
1253.89  293.79277
1253.9067  293.75211
1253.9233  293.71145
1253.94  293.67078
1253.9567  293.63012
1253.9733  293.58946
1253.99  293.5488
1254.0067  293.50813
1254.0233  293.46747
1254.04  293.42681
1254.0567  293.38615
1254.0733  293.34548
1254.09  293.30482
1254.1067  293.26416
1254.1233  293.2235
1254.14  293.18283
1254.1567  293.14217
1254.1733  293.10151
1254.19  293.06085
1254.2067  293.02019
1254.2233  292.97952
1254.24  292.93886
1254.2567  292.8982
1254.2733  292.85754
1254.29  292.81687
1254.3067  292.77621
1254.3233  292.73555
1254.34  292.69489
1254.3567  292.65422
1254.3733  292.61356
1254.39  292.5729
1254.4067  292.53224
1254.4233  292.49157
1254.44  292.45091
1254.4567  292.41025
1254.4733  292.36959
1254.49  292.32892
1254.5067  292.28826
1254.5233  292.2476
1254.54  292.20694
1254.5567  292.16627
1254.5733  292.12561
1254.59  292.08495
1254.6067  292.04429
1254.6233  292.00362
1254.64  291.96296
1254.6567  291.9223
1254.6733  291.88164
1254.69  291.84097
1254.7067  291.80031
1254.7233  291.75965
1254.74  291.71899
1254.7567  291.67832
1254.7733  291.63766
1254.79  291.597
1254.8067  291.55634
1254.8233  291.51567
1254.84  291.47501
1254.8567  291.43435
1254.8733  291.39369
1254.89  291.35302
1254.9067  291.31236
1254.9233  291.2717
1254.94  291.23104
1254.9567  291.19037
1254.9733  291.14971
1254.99  291.10905
1255.0067  291.06839
1255.0233  291.02772
1255.04  290.98706
1255.0567  290.9464
1255.0733  290.90574
1255.09  290.86507
1255.1067  290.82441
1255.1233  290.78375
1255.14  290.74309
1255.1567  290.70242
1255.1733  290.66176
1255.19  290.6211
1255.2067  290.58044
1255.2233  290.53977
1255.24  290.49911
1255.2567  290.45845
1255.2733  290.41779
1255.29  290.37712
1255.3067  290.33646
1255.3233  290.2958
1255.34  290.25514
1255.3567  290.21447
1255.3733  290.17381
1255.39  290.13315
1255.4067  290.09249
1255.4233  290.05182
1255.44  290.01116
1255.4567  289.9705
1255.4733  289.92984
1255.49  289.88917
1255.5067  289.84851
1255.5233  289.80785
1255.54  289.76719
1255.5567  289.72652
1255.5733  289.68586
1255.59  289.6452
1255.6067  289.60454
1255.6233  289.56387
1255.64  289.52321
1255.6567  289.48255
1255.6733  289.44189
1255.69  289.40122
1255.7067  289.36056
1255.7233  289.3199
1255.74  289.27924
1255.7567  289.23857
1255.7733  289.19791
1255.79  289.15725
1255.8067  289.11659
1255.8233  289.07592
1255.84  289.03526
1255.8567  288.9946
1255.8733  288.95394
1255.89  288.91327
1255.9067  288.87261
1255.9233  288.83195
1255.94  288.79129
1255.9567  288.75062
1255.9733  288.70996
1255.99  288.6693
1256.0067  288.62864
1256.0233  288.58797
1256.04  288.54731