253.64  220349.13
254.638  221229.49
255.63601  222554.14
256.63401  221333.28
257.63202  219232.83
258.63002  216577.09
259.62802  214115.81
260.62603  211639.75
261.62403  209925.93
262.62204  207935.15
263.62004  206353.04
264.61804  204379.89
265.61605  202485.47
266.61405  201214.65
267.61206  200254.77
268.61006  199992.72
269.60806  200021.39
270.60607  198672.03
271.60407  198028.61
272.60208  196971.05
273.60008  195594.48
274.59808  195391.45
275.59609  195182.64
276.59409  194790.32
277.5921  194569.77
278.5901  193902.35
279.5881  194266.75
280.58611  193506.32
281.58411  193185.46
282.58212  192912.87
283.58012  192680.59
284.57812  192585.02
285.57613  192749.04
286.57413  193187.1
287.57214  192959.64
288.57014  193021.8
289.56814  193671.69
290.56615  193611.48
291.56415  192875.59
292.56216  193257.66
293.56016  192883.94
294.55816  192194.01
295.55617  192105.08
296.55417  191809.42
297.55218  191631.91
298.55018  191592.16
299.54818  192169.77
300.54619  192603.85
301.54419  192638.78
302.5422  191584.92
303.5402  191125.29
304.5382  191111.89
305.53621  190778.2
306.53421  191649.59
307.53222  191284.55
308.53022  191580.2
309.52822  192324.46
310.52623  191731.85
311.52423  192060.11
312.52224  191992.67
313.52024  192456.69
314.51824  192503.5
315.51625  193761.73
316.51425  193507.96
317.51226  193194.4
318.51026  193673.24
319.50826  193688.72
320.50627  194013.13
321.50427  194434.41
322.50228  194120.57
323.50028  194235.28
324.49828  194399.43
325.49629  194890.73
326.49429  194303.72
327.4923  194272.93
328.4903  194715.64
329.4883  195669.63
330.48631  195494.23
331.48431  194850.68
332.48232  194802.03
333.48032  194307.04
334.47832  194072.51
335.47633  195038.37
336.47433  194620.28
337.47234  194088.43
338.47034  194010.12
339.46834  194498.51
340.46635  194176.03
341.46435  194511.93
342.46236  195229.18
343.46036  195020.15
344.45836  194427.24
345.45637  194792.08
346.45437  194798.39
347.45238  194233.7
348.45038  194599.84
349.44838  194357.13
350.44639  194252.35
351.44439  194848.56
352.4424  195754.61
353.4404  195734.98
354.4384  195847.98
355.43641  196301.07
356.43441  195922.46
357.43242  195662
358.43042  195342.68
359.42842  195084.65
360.42643  195096.57
361.42443  194752.96
362.42244  194865.57
363.42044  195221.18
364.41844  194984.54
365.41645  195250.34
366.41445  194860.67
367.41246  194562.25
368.41046  195074.46
369.40846  195049.03
370.40647  195049.22
371.40447  195596.33
372.40248  195799.78
373.40048  196393.77
374.39848  196952.67
375.39649  196673.5
376.39449  196012.76
377.3925  196696.44
378.3905  197063.39
379.3885  197378.14
380.38651  197659.5
381.38451  197850.6
382.38251  197247.1
383.38052  197492.84
384.37852  198443.54
385.37653  197797.79
386.37453  198002.76
387.37253  199162.39
388.37054  199352.28
389.36854  199324.66
390.36655  200209.24
391.36455  200751
392.36255  200591.26
393.36056  200234.1
394.35856  199984.56
395.35657  199885.31
396.35457  200453.62
397.35257  200732.03
398.35058  199556.53
399.34858  199167.46
400.34659  199381.29
401.34459  198316.35
402.34259  198120.66
403.3406  197966.87
404.3386  197105.48
405.33661  197674.11
406.33461  197763.88
407.33261  197774.04
408.33062  197218.23
409.32862  197396.15
410.32663  196976.98
411.32463  196551.44
412.32263  196725.9
413.32064  197884.91
414.31864  199121.97
415.31665  199974.35
416.31465  199726.54
417.31265  198861.3
418.31066  198718.69
419.30866  197888.92
420.30667  197232.22
421.30467  197003.97
422.30267  197535.95
423.30068  198139.56
424.29868  198644.99
425.29669  199215.14
426.29469  198632.87
427.29269  198485.85
428.2907  199877.57
429.2887  200028.89
430.28671  199417.25
431.28471  199469.61
432.28271  200120.41
433.28072  201219.95
434.27872  202457.08
435.27673  203103.07
436.27473  204740.29
437.27273  207813.42
438.27074  209595.59
439.26874  209435.66
440.26675  208579.96
441.26475  207876.4
442.26275  206348.95
443.26076  203696.7
444.25876  201091.84
445.25677  198965.58
446.25477  197703.51
447.25277  197115.98
448.25078  196763.67
449.24878  197276.94
450.24679  198274.74
451.24479  197408.14
452.24279  196354.62
453.2408  196249.38
454.2388  196267.68
455.23681  196496
456.23481  196232.99
457.23281  196383.33
458.23082  196615.97
459.22882  196053.8
460.22683  195630.34
461.22483  195888.62
462.22283  195126.29
463.22084  194538.82
464.21884  195014.73
465.21685  195297.09
466.21485  195149.61
467.21285  194777.16
468.21086  194530.57
469.20886  195064.09
470.20687  195735.6
471.20487  195787.71
472.20287  196235.65
473.20088  196115.19
474.19888  195539.46
475.19689  195269.29
476.19489  195490.16
477.19289  196055.52
478.1909  196054.85
479.1889  195818.91
480.18691  195600.37
481.18491  195721.05
482.18291  196621.99
483.18092  197227.01
484.17892  196871.78
485.17693  197061.74
486.17493  198343.88
487.17293  199057.82
488.17094  200351.66
489.16894  201410.36
490.16695  201769.08
491.16495  202143.33
492.16295  202496.44
493.16096  201920.39
494.15896  200527.11
495.15697  198673.57
496.15497  197012.94
497.15297  196354.52
498.15098  195724.75
499.14898  195582.26
500.14699  194655.73
501.14499  194018.11
502.14299  194155.16
503.141  194243.76
504.139  193870.94
505.13701  193524.08
506.13501  193725.2
507.13301  192880.84
508.13102  192003.92
509.12902  192715.78
510.12703  192036.66
511.12503  191853.56
512.12303  192431.88
513.12104  191935.12
514.11904  191313.34
515.11705  191867.02
516.11505  191373.44
517.11305  190801.13
518.11106  191239.99
519.10906  191523.31
520.10707  190463.9
521.10507  190824.24
522.10307  191634.4
523.10108  190903.83
524.09908  191044.56
525.09709  190753.86
526.09509  190780.38
527.09309  191141.72
528.0911  191126.66
529.0891  191086.36
530.08711  190985.1
531.08511  191408.75
532.08311  191361.99
533.08112  190974.61
534.07912  190741.18
535.07713  191138.68
536.07513  191500.86
537.07313  191868.26
538.07114  191936.21
539.06914  191464.65
540.06715  191262.48
541.06515  191868.32
542.06315  192118.86
543.06116  191914.45
544.05916  192483.07
545.05717  192786.42
546.05517  192855.56
547.05317  193184.99
548.05118  192832.38
549.04918  192388.14
550.04719  192108
551.04519  191666.82
552.04319  191856.24
553.0412  191489.64
554.0392  191611.91
555.03721  191892.7
556.03521  191242.43
557.03321  191551.89
558.03122  192406.14
559.02922  192784.51
560.02723  191663.97
561.02523  191048.83
562.02323  191168.74
563.02124  192269.7
564.01924  192265.5
565.01725  191540.38
566.01525  191668.5
567.01325  192423.96
568.01126  192906.37
569.00926  192251.39
570.00727  191992.39
571.00527  191564.84
572.00327  191994.26
573.00128  192793.78
573.99928  192872.63
574.99729  193103.8
575.99529  193749.2
576.99329  194411.15
577.9913  193618.79
578.9893  192761.16
579.98731  192790.96
580.98531  192680.07
581.98331  192495.72
582.98132  192758.92
583.97932  192314.35
584.97733  192423
585.97533  192087.06
586.97333  191954.27
587.97134  192582.53
588.96934  192683.12
589.96735  192679.64
590.96535  192894.43
591.96335  193107.27
592.96136  193309.01
593.95936  193109.52
594.95737  192836.48
595.95537  193182.45
596.95337  192889.01
597.95138  193733.2
598.94938  193827.18
599.94739  193038.41
600.94539  192614.13
601.94339  193073.87
602.9414  193741.36
603.9394  194347.65
604.93741  195132.65
605.93541  196621.4
606.93341  197822.32
607.93142  199917.39
608.92942  201897.08
609.92743  202966.91
610.92543  203070.18
611.92343  202302.16
612.92144  201140.36
613.91944  198767.21
614.91745  196210.41
615.91545  195240.94
616.91345  194238.64
617.91146  193334.3
618.90946  191832.63
619.90747  191092.94
620.90547  191200.69
621.90347  190910.77
622.90148  190539.84
623.89948  189795.61
624.89749  189559.24
625.89549  189102.65
626.89349  188583.17
627.8915  187757.95
628.8895  188069.71
629.8875  187513.07
630.88551  187654.32
631.88351  188832.07
632.88152  188399.89
633.87952  187835.25
634.87752  187569.6
635.87553  187775.34
636.87353  187946.92
637.87154  187398.21
638.86954  187632.03
639.86754  188384.16
640.86555  188302.9
641.86355  187889.85
642.86156  188100.79
643.85956  188478.66
644.85756  188708.75
645.85557  189116.83
646.85357  189407.99
647.85158  188750.34
648.84958  188391.3
649.84758  188831.49
650.84559  189200.65
651.84359  189014.64
652.8416  188512.97
653.8396  188628.15
654.8376  188086.73
655.83561  188338.16
656.83361  188032.86
657.83162  188111.55
658.82962  188409.03
659.82762  188818.03
660.82563  189170.03
661.82363  188926.08
662.82164  189177.72
663.81964  188995.09
664.81764  189053.28
665.81565  188765.56
666.81365  189246.8
667.81166  190180.79
668.80966  189909.35
669.80766  189481.26
670.80567  190019.48
671.80367  190661.66
672.80168  190091.16
673.79968  190064.84
674.79768  190361.79
675.79569  190216.81
676.79369  189592.45
677.7917  189765.22
678.7897  190670.5
679.7877  191056.83
680.78571  190779.24
681.78371  191304.11
682.78172  192140.12
683.77972  192220.27
684.77772  191499.77
685.77573  190700.32
686.77373  191151.67
687.77174  191479.66
688.76974  191145.17
689.76774  190796.04
690.76575  191179.8
691.76375  192609.16
692.76176  192962.78
693.75976  193788.51
694.75776  194566.06
695.75577  194294.83
696.75377  195556.05
697.75178  195896.77
698.74978  195907.88
699.74778  197501.07
700.74579  199790.84
701.74379  203356.8
702.7418  208331.34
703.7398  214165.47
704.7378  222861.81
705.73581  233001.35
706.73381  239389.48
707.73182  237694.75
708.72982  228897.34
709.72782  217725.39
710.72583  207419.93
711.72383  199293.84
712.72184  194913.71
713.71984  192082.39
714.71784  190523.39
715.71585  190113.62
716.71385  188584.82
717.71186  185897.85
718.70986  185172.09
719.70786  184172.26
720.70587  182994.67
721.70387  181812.02
722.70188  180114.46
723.69988  178237.06
724.69788  177032
725.69589  175766.62
726.69389  174678.08
727.6919  174496.63
728.6899  174601.85
729.6879  174050.49
730.68591  173905.42
731.68391  174277.1
732.68192  173567.25
733.67992  173434.36
734.67792  173338.98
735.67593  173050.75
736.67393  173108.1
737.67194  172585
738.66994  172313.94
739.66794  172653.52
740.66595  172318.55
741.66395  172909.4
742.66196  173435.99
743.65996  172596
744.65796  173649.98
745.65597  173741.43
746.65397  173087.49
747.65198  172175.19
748.64998  172723.22
749.64798  173023.09
750.64599  173220.03
751.64399  174108.7
752.642  173424.31
753.64  173307.07
754.638  173233.9
755.63601  172447.21
756.63401  173520.29
757.63202  172931.01
758.63002  172464.37
759.62802  172550.43
760.62603  173096.74
761.62403  172867.27
762.62204  172130.2
763.62004  171999.95
764.61804  172119.97
765.61605  171948.6
766.61405  172180.85
767.61206  172728.97
768.61006  172337.46
769.60806  172330.76
770.60607  172629.22
771.60407  173108.82
772.60208  172845.43
773.60008  172411.78
774.59808  172349.99
775.59609  172393.72
776.59409  172707.86
777.5921  172627.15
778.5901  172328.13
779.5881  172069.48
780.58611  172208.26
781.58411  172181.22
782.58212  172067.62
783.58012  172114.95
784.57812  172096.05
785.57613  171890.95
786.57413  172073.33
787.57214  172368.51
788.57014  171681.09
789.56814  172167.99
790.56615  172383.22
791.56415  171946.26
792.56216  171826.34
793.56016  172389.1
794.55816  172605.03
795.55617  171510.69
796.55417  171524.05
797.55218  172220.86
798.55018  172896.98
799.54818  172595.74
800.54619  172501.79
801.54419  172381.7
802.5422  172221.23
803.5402  172379.14
804.5382  172031.22
805.53621  172252.52
806.53421  172797.01
807.53222  172765.09
808.53022  172578.41
809.52822  173548.49
810.52623  173511.29
811.52423  173104.26
812.52224  173577.95
813.52024  174524.62
814.51824  173915.79
815.51625  173939.17
816.51425  174154.16
817.51226  174243.72
818.51026  173947.47
819.50826  173854.16
820.50627  173947.57
821.50427  174349.74
822.50228  175278.77
823.50028  175053.28
824.49828  174528.82
825.49629  174159.59
826.49429  174944.27
827.4923  175142.66
828.4903  175202.75
829.4883  176065.88
830.48631  176462.73
831.48431  175828.74
832.48232  175286.14
833.48032  175391.05
834.47832  176286.13
835.47633  176853.37
836.47433  176795.62
837.47234  176764.99
838.47034  176635.75
839.46834  176714.03
840.46635  176735.82
841.46435  177044.42
842.46236  176733.83
843.46036  177105.61
844.45836  177192.84
845.45637  177597.82
846.45437  178496.16
847.45238  178978.9
848.45038  178218.17
849.44838  178492.3
850.44639  178847.48
851.44439  179152.61
852.4424  179483.24
853.4404  179090.18
854.4384  179145.73
855.43641  179629.39
856.43441  179554.48
857.43242  179476.08
858.43042  179330.87
859.42842  179323.59
860.42643  179741.74
861.42443  180924.95
862.42244  181146.07
863.42044  181279.77
864.41844  181735.89
865.41645  182223.96
866.41445  182512.22
867.41246  181754.76
868.41046  181905.36
869.40846  182721.48
870.40647  182942.9
871.40447  182567.29
872.40248  182382.75
873.40048  183177.51
874.39848  184370.71
875.39649  184620.71
876.39449  184283.61
877.3925  184206.03
878.3905  184280.11
879.3885  185460
880.38651  184696.84
881.38451  185060.26
882.38251  186362.72
883.38052  187242.87
884.37852  187628.12
885.37653  187906.94
886.37453  188951.12
887.37253  190015.81
888.37054  191152.59
889.36854  192014.22
890.36655  192815.95
891.36455  194024.29
892.36255  195217.42
893.36056  198518.38
894.35856  202143.52
895.35657  208082.18
896.35457  216585.73
897.35257  230584.61
898.35058  249351.59
899.34858  267092.13
900.34659  273957.79
901.34459  263408.63
902.34259  241670.56
903.3406  222085.23
904.3386  208454.53
905.33661  200021.33
906.33461  194745.71
907.33261  192983.79
908.33062  193232.52
909.32862  192650.98
910.32663  192035.58
911.32463  192529.01
912.32263  193744.68
913.32064  198177.2
914.31864  208709.71
915.31665  228677.47
916.31465  258041.04
917.31265  288481.49
918.31066  300995.72
919.30866  282621.85
920.30667  244270.36
921.30467  208793.79
922.30267  183480.18
923.30068  168745.43
924.29868  160883.32
925.29669  157000.87
926.29469  156103.65
927.29269  153856.98
928.2907  149711.95
929.2887  143990.1
930.28671  137026.33
931.28471  131260.16
932.28271  127603.17
933.28072  125770.4
934.27872  124537.88
935.27673  123153.92
936.27473  122682.69
937.27273  121683.74
938.27074  120607.65
939.26874  119476.26
940.26675  118638.8
941.26475  117732.82
942.26275  117751.57
943.26076  117002.77
944.25876  116491.09
945.25677  116581.13
946.25477  116637.08
947.25277  116168.76
948.25078  115659.1
949.24878  115226.14
950.24679  115006.32
951.24479  114463.72
952.24279  113772.19
953.2408  113781.13
954.2388  113204.24
955.23681  113053.31
956.23481  113172.31
957.23281  113020.81
958.23082  113200.31
959.22882  113295.38
960.22683  113660.97
961.22483  114403.69
962.22283  113977.54
963.22084  112898.33
964.21884  113546.71
965.21685  114084.77
966.21485  114635.32
967.21285  115844.28
968.21086  116781.08
969.20886  116624.73
970.20687  113802.05
971.20487  112099.41
972.20287  111078.92
973.20088  110999.28
974.19888  110912.35
975.19689  110764.82
976.19489  110912.87
977.19289  110780.06
978.1909  111133.72
979.1889  110997.49
980.18691  110196.14
981.18491  110385.91
982.18291  110556.22
983.18092  110601.27
984.17892  110340.3
985.17693  110230.62
986.17493  110942.24
987.17293  111333.13
988.17094  111401.16
989.16894  111557.63
990.16695  110983.17
991.16495  111034.47
992.16295  110609.18
993.16096  109856.94
994.15896  109921.29
995.15697  109954.57
996.15497  109950.94
997.15297  110251.66
998.15098  109427.1
999.14898  109471.95
1000.147  109775.84
1001.145  109746.9
1002.143  109518.78
1003.141  109261
1004.139  109372
1005.137  109694.47
1006.135  109592.59
1007.133  109641.4
1008.131  109940.19
1009.129  110109.7
1010.127  110441.57
1011.125  109972.22
1012.123  109830.15
1013.121  110000.94
1014.119  109605.53
1015.117  109795.46
1016.115  109861.11
1017.1131  108883.56
1018.1111  109161.27
1019.1091  109847.43
1020.1071  109702.15
1021.1051  109564.64
1022.1031  109390.17
1023.1011  109665.69
1024.0991  109273.2
1025.0971  109097.3
1026.0951  109069.29
1027.0931  108330.03
1028.0911  108210.42
1029.0891  109188.94
1030.0871  109673.99
1031.0851  109479.05
1032.0831  109085.88
1033.0811  109135.16
1034.0791  109800.58
1035.0771  109900.76
1036.0751  109827.35
1037.0731  110513.09
1038.0711  110521.3
1039.0691  109737.88
1040.0671  109493.34
1041.0651  109989.64
1042.0632  110348.6
1043.0612  110349.21
1044.0592  110680.03
1045.0572  110580.47
1046.0552  110227.32
1047.0532  110647.69
1048.0512  110564.89
1049.0492  110549.78
1050.0472  110656.4
1051.0452  110739.24
1052.0432  110812.36
1053.0412  110990.72
1054.0392  110754.92
1055.0372  109896.2
1056.0352  110506.23
1057.0332  111233.74
1058.0312  111414.6
1059.0292  111526.9
1060.0272  111032.54
1061.0252  111281.67
1062.0232  111072.78
1063.0212  111342.83
1064.0192  111490.18
1065.0172  111524.27
1066.0152  111451.95
1067.0133  111866.35
1068.0113  112042.85
1069.0093  112116.36
1070.0073  111737.6
1071.0053  112135.36
1072.0033  112489.59
1073.0013  112710.08
1073.9993  112283.56
1074.9973  112151.63
1075.9953  112667.08
1076.9933  112694.97
1077.9913  112384.48
1078.9893  112236.56
1079.9873  113270.18
1080.9853  113539.77
1081.9833  113746.3
1082.9813  113321.05
1083.9793  112867.66
1084.9773  113399.29
1085.9753  113351.17
1086.9733  113618.39
1087.9713  114075.48
1088.9693  114080.74
1089.9673  113627.15
1090.9653  113847.94
1091.9634  114222.93
1092.9614  114042.14
1093.9594  114377.65
1094.9574  114144.98
1095.9554  114286.28
1096.9534  114741.02
1097.9514  115064.12
1098.9494  114946.45
1099.9474  115321.55
1100.9454  115446.4
1101.9434  114838.82
1102.9414  115198.52
1103.9394  115561.37
1104.9374  115486.15
1105.9354  115373.92
1106.9334  115149.46
1107.9314  115074.68
1108.9294  115164.57
1109.9274  115485.84
1110.9254  115609.39
1111.9234  115601.9
1112.9214  115887.53
1113.9194  115791.26
1114.9174  116288.61
1115.9154  116213.7
1116.9135  116405.11
1117.9115  117324.78
1118.9095  116624.05
1119.9075  117383.93
1120.9055  118026.14
1121.9035  117728.02
1122.9015  118212.25
1123.8995  118397.16
1124.8975  119057.49
1125.8955  119624.57
1126.8935  119327.42
1127.8915  119558.83
1128.8895  120554.43
1129.8875  121108.03
1130.8855  122444.95
1131.8835  123528.44
1132.8815  124257.66
1133.8795  124157.01
1134.8775  124243.98
1135.8755  124729.96
1136.8735  125257.39
1137.8715  125262.44
1138.8695  125658.79
1139.8675  125532.83
1140.8655  126186.03
1141.8636  126888.88
1142.8616  126721.21
1143.8596  125972.79
1144.8576  124157.06
1145.8556  123366.84
1146.8536  122831.9
1147.8516  121562.23
1148.8496  121001.52
1149.8476  121449.43
1150.8456  122569.31
1151.8436  123711.38
1152.8416  124508.37
1153.8396  125735.55
1154.8376  126150.45
1155.8356  125866.44
1156.8336  125791.37
1157.8316  126643.11
1158.8296  127812.29
1159.8276  129376.51
1160.8256  130965.49
1161.8236  136716.08
1162.8216  153025.24
1163.8196  211893.77
1164.8176  341158.31
1165.8156  401535.76
1166.8137  316178.52
1167.8117  304689.47
1168.8097  428145.76
1169.8077  412167.27
1170.8057  233561.25
1171.8037  116396.15
1172.8017  94874.808
1173.7997  100870.64
1174.7977  101841.08
1175.7957  97326.597
1176.7937  98905.523
1177.7917  101904.7
1178.7897  96999.65
1179.7877  85000.487
1180.7857  70033.84
1181.7837  59612.697
1182.7817  55531.265
1183.7797  53854.31
1184.7777  53188.234
1185.7757  53714.928
1186.7737  53915.013
1187.7717  52741.21
1188.7697  51978.98
1189.7677  51384.854
1190.7657  50610.613
1191.7638  50723.395
1192.7618  51312.853
1193.7598  53164.742
1194.7578  54698.125
1195.7558  56257.572
1196.7538  56024.393
1197.7518  54514.441
1198.7498  51953.806
1199.7478  49293.755
1200.7458  47422.545
1201.7438  46214.574
1202.7418  45286.969
1203.7398  44984.996
1204.7378  44699.607
1205.7358  44519.621
1206.7338  44465.477
1207.7318  43897.115
1208.7298  43110.614
1209.7278  43183.196
1210.7258  43473.096
1211.7238  43317.852
1212.7218  43407.884
1213.7198  43442.976
1214.7178  42939.926
1215.7158  41856.327
1216.7139  41187.713
1217.7119  40911.447
1218.7099  39909.891
1219.7079  39103.628
1220.7059  38450.116
1221.7039  38090.884
1222.7019  37850.789
1223.6999  37747.304
1224.6979  37623.873
1225.6959  37607.442
1226.6939  37562.624
1227.6919  37445.45
1228.6899  37283.423
1229.6879  37466.251
1230.6859  37378.715
1231.6839  37256.229
1232.6819  37057.676
1233.6799  37053.897
1234.6779  37422.551
1235.6759  37824.087
1236.6739  37819.484
1237.6719  37630.946
1238.6699  37617.595
1239.6679  37881.632
1240.6659  37838.902
1241.664  38224.026
1242.662  39059.233
1243.66  40515.393
1244.658  44506.14
1245.656  52317.817
1246.654  60339.372
1247.652  63221.086
1248.65  65346.91
1249.648  66733.174
1250.646  60343.505
1251.644  47683.341
1252.642  38242.697
1253.64  34624.836