1144.8576  126623.72
1144.9798  126539.04
1145.102  126453.49
1145.2242  126367.07
1145.3464  126279.76
1145.4686  126191.55
1145.5908  126102.44
1145.713  126012.41
1145.8352  125921.45
1145.9574  125829.56
1146.0796  125736.73
1146.2018  125642.94
1146.324  125548.19
1146.4462  125452.46
1146.5684  125355.75
1146.6906  125258.05
1146.8128  125159.34
1146.935  125059.63
1147.0572  124958.89
1147.1795  124857.12
1147.3017  124754.31
1147.4239  124650.45
1147.5461  124545.54
1147.6683  124439.55
1147.7905  124332.49
1147.9127  124224.34
1148.0349  124115.09
1148.1571  124004.74
1148.2793  123893.27
1148.4015  123780.68
1148.5237  123666.96
1148.6459  123552.1
1148.7681  123436.08
1148.8903  123318.91
1149.0125  123200.57
1149.1347  123081.06
1149.2569  122960.36
1149.3791  122838.46
1149.5013  122715.37
1149.6235  122591.06
1149.7457  122465.54
1149.868  122338.79
1149.9902  122210.81
1150.1124  122081.58
1150.2346  121951.11
1150.3568  121819.38
1150.479  121686.38
1150.6012  121552.11
1150.7234  121416.56
1150.8456  121279.73
1150.9678  121141.6
1151.09  121002.17
1151.2122  120861.43
1151.3344  120719.38
1151.4566  120576.01
1151.5788  120431.31
1151.701  120285.28
1151.8232  120137.91
1151.9454  119989.19
1152.0676  119839.12
1152.1898  119687.7
1152.312  119534.91
1152.4342  119380.76
1152.5565  119225.24
1152.6787  119068.34
1152.8009  118910.06
1152.9231  118750.39
1153.0453  118589.33
1153.1675  118426.88
1153.2897  118263.03
1153.4119  118097.78
1153.5341  117931.13
1153.6563  117763.06
1153.7785  117593.59
1153.9007  117422.7
1154.0229  117250.4
1154.1451  117076.68
1154.2673  116901.53
1154.3895  116724.97
1154.5117  116546.98
1154.6339  116367.56
1154.7561  116186.72
1154.8783  116004.45
1155.0005  115820.76
1155.1227  115635.63
1155.245  115449.08
1155.3672  115261.1
1155.4894  115071.69
1155.6116  114880.86
1155.7338  114688.6
1155.856  114494.92
1155.9782  114299.81
1156.1004  114103.29
1156.2226  113905.34
1156.3448  113705.99
1156.467  113505.21
1156.5892  113303.03
1156.7114  113099.45
1156.8336  112894.46
1156.9558  112688.08
1157.078  112480.3
1157.2002  112271.13
1157.3224  112060.59
1157.4446  111848.66
1157.5668  111635.36
1157.689  111420.7
1157.8112  111204.68
1157.9335  110987.31
1158.0557  110768.6
1158.1779  110548.55
1158.3001  110327.17
1158.4223  110104.47
1158.5445  109880.46
1158.6667  109655.15
1158.7889  109428.55
1158.9111  109200.68
1159.0333  108971.53
1159.1555  108741.12
1159.2777  108509.47
1159.3999  108276.58
1159.5221  108042.47
1159.6443  107807.15
1159.7665  107570.64
1159.8887  107332.95
1160.0109  107094.09
1160.1331  106854.08
1160.2553  106612.94
1160.3775  106370.68
1160.4997  106127.31
1160.622  105882.87
1160.7442  105637.37
1160.8664  105390.82
1160.9886  105143.25
1161.1108  104894.67
1161.233  104645.12
1161.3552  104394.61
1161.4774  104143.17
1161.5996  103890.82
1161.7218  103637.59
1161.844  103383.51
1161.9662  103128.61
1162.0884  102872.92
1162.2106  102616.46
1162.3328  102359.29
1162.455  102101.43
1162.5772  101842.92
1162.6994  101583.8
1162.8216  101324.12
1162.9438  101063.93
1163.066  100803.28
1163.1883  100542.22
1163.3105  100280.81
1163.4327  100019.13
1163.5549  99757.234
1163.6771  99495.206
1163.7993  99233.129
1163.9215  98971.095
1164.0437  98709.203
1164.1659  98447.56
1164.2881  98186.283
1164.4103  97925.498
1164.5325  97665.335
1164.6547  97405.935
1164.7769  97147.44
1164.8991  96889.998
1165.0213  96633.753
1165.1435  96378.844
1165.2657  96125.402
1165.3879  95873.542
1165.5101  95623.364
1165.6323  95374.945
1165.7545  95128.338
1165.8768  94883.573
1165.999  94640.656
1166.1212  94399.573
1166.2434  94160.295
1166.3656  93922.783
1166.4878  93686.995
1166.61  93452.899
1166.7322  93220.476
1166.8544  92989.733
1166.9766  92760.708
1167.0988  92533.484
1167.221  92308.195
1167.3432  92085.031
1167.4654  91864.245
1167.5876  91646.159
1167.7098  91431.164
1167.832  91219.72
1167.9542  91012.353
1168.0764  90809.648
1168.1986  90612.239
1168.3208  90420.796
1168.443  90236.006
1168.5653  90058.557
1168.6875  89889.111
1168.8097  89728.286
1168.9319  89576.632
1169.0541  89434.609
1169.1763  89302.567
1169.2985  89180.736
1169.4207  89069.211
1169.5429  88967.95
1169.6651  88876.777
1169.7873  88795.382
1169.9095  88723.341
1170.0317  88660.128
1170.1539  88605.134
1170.2761  88557.691
1170.3983  88517.091
1170.5205  88482.612
1170.6427  88453.537
1170.7649  88429.167
1170.8871  88408.844
1171.0093  88391.956
1171.1315  88377.948
1171.2538  88366.325
1171.376  88356.654
1171.4982  88348.564
1171.6204  88341.74
1171.7426  88335.921
1171.8648  88330.895
1171.987  88326.49
1172.1092  88322.57
1172.2314  88319.029
1172.3536  88315.784
1172.4758  88312.775
1172.598  88309.954
1172.7202  88307.286
1172.8424  88304.746
1172.9646  88302.316
1173.0868  88299.98
1173.209  88297.73
1173.3312  88295.558
1173.4534  88293.458
1173.5756  88291.427
1173.6978  88289.459
1173.82  88287.554
1173.9423  88285.708
1174.0645  88283.92
1174.1867  88282.187
1174.3089  88280.509
1174.4311  88278.883
1174.5533  88277.308
1174.6755  88275.783
1174.7977  88274.306
1174.9199  88272.877
1175.0421  88271.494
1175.1643  88270.155
1175.2865  88268.861
1175.4087  88267.609
1175.5309  88266.399
1175.6531  88265.23
1175.7753  88264.101
1175.8975  88263.011
1176.0197  88261.959
1176.1419  88260.944
1176.2641  88259.966
1176.3863  88259.024
1176.5085  88258.116
1176.6308  88257.243
1176.753  88256.404
1176.8752  88255.597
1176.9974  88254.823
1177.1196  88254.08
1177.2418  88253.369
1177.364  88252.687
1177.4862  88252.036
1177.6084  88251.414
1177.7306  88250.82
1177.8528  88250.255
1177.975  88249.717
1178.0972  88249.206
1178.2194  88248.722
1178.3416  88248.264
1178.4638  88247.832
1178.586  88247.425
1178.7082  88247.043
1178.8304  88246.686
1178.9526  88246.352
1179.0748  88246.042
1179.197  88245.755
1179.3193  88245.491
1179.4415  88245.249
1179.5637  88245.03
1179.6859  88244.832
1179.8081  88244.655
1179.9303  88244.499
1180.0525  88244.364
1180.1747  88244.249
1180.2969  88244.154
1180.4191  88244.079
1180.5413  88244.022
1180.6635  88243.985
1180.7857  88243.967

# Result Name:                  Combined
# Number of Curves:             1
#
# Curve:                        0
# Values/Curve:                 295
#
1144.8576  127907.33
1144.9798  127837.8
1145.102  127767.68
1145.2242  127696.95
1145.3464  127625.62
1145.4686  127553.68
1145.5908  127481.14
1145.713  127407.98
1145.8352  127334.2
1145.9574  127259.82
1146.0796  127184.81
1146.2018  127109.18
1146.324  127032.94
1146.4462  126956.07
1146.5684  126878.58
1146.6906  126800.47
1146.8128  126721.73
1146.935  126642.37
1147.0572  126562.4
1147.1795  126481.8
1147.3017  126400.58
1147.4239  126318.75
1147.5461  126236.31
1147.6683  126153.25
1147.7905  126069.58
1147.9127  125985.31
1148.0349  125900.43
1148.1571  125814.97
1148.2793  125728.91
1148.4015  125642.26
1148.5237  125555.04
1148.6459  125467.24
1148.7681  125378.88
1148.8903  125289.96
1149.0125  125200.5
1149.1347  125110.49
1149.2569  125019.96
1149.3791  124928.92
1149.5013  124837.37
1149.6235  124745.33
1149.7457  124652.81
1149.868  124559.83
1149.9902  124466.4
1150.1124  124372.54
1150.2346  124278.27
1150.3568  124183.61
1150.479  124088.57
1150.6012  123993.18
1150.7234  123897.46
1150.8456  123801.43
1150.9678  123705.13
1151.09  123608.57
1151.2122  123511.79
1151.3344  123414.81
1151.4566  123317.67
1151.5788  123220.41
1151.701  123123.04
1151.8232  123025.63
1151.9454  122928.19
1152.0676  122830.78
1152.1898  122733.44
1152.312  122636.22
1152.4342  122539.16
1152.5565  122442.31
1152.6787  122345.74
1152.8009  122249.49
1152.9231  122153.64
1153.0453  122058.24
1153.1675  121963.35
1153.2897  121869.06
1153.4119  121775.44
1153.5341  121682.56
1153.6563  121590.51
1153.7785  121499.38
1153.9007  121409.26
1154.0229  121320.25
1154.1451  121232.46
1154.2673  121145.98
1154.3895  121060.95
1154.5117  120977.47
1154.6339  120895.69
1154.7561  120815.73
1154.8783  120737.74
1155.0005  120661.89
1155.1227  120588.32
1155.245  120517.21
1155.3672  120448.74
1155.4894  120383.12
1155.6116  120320.53
1155.7338  120261.21
1155.856  120205.37
1155.9782  120153.28
1156.1004  120105.19
1156.2226  120061.37
1156.3448  120022.14
1156.467  119987.79
1156.5892  119958.67
1156.7114  119935.14
1156.8336  119917.59
1156.9558  119906.42
1157.078  119902.07
1157.2002  119905.01
1157.3224  119915.76
1157.4446  119934.83
1157.5668  119962.83
1157.689  120000.36
1157.8112  120048.11
1157.9335  120106.78
1158.0557  120177.16
1158.1779  120260.09
1158.3001  120356.47
1158.4223  120467.28
1158.5445  120593.57
1158.6667  120736.5
1158.7889  120897.31
1158.9111  121077.36
1159.0333  121278.11
1159.1555  121501.17
1159.2777  121748.3
1159.3999  122021.39
1159.5221  122322.54
1159.6443  122654.04
1159.7665  123018.41
1159.8887  123418.41
1160.0109  123857.08
1160.1331  124337.78
1160.2553  124864.21
1160.3775  125440.49
1160.4997  126071.15
1160.622  126761.26
1160.7442  127516.45
1160.8664  128342.99
1160.9886  129247.89
1161.1108  130239.02
1161.233  131325.19
1161.3552  132516.32
1161.4774  133823.56
1161.5996  135259.54
1161.7218  136838.52
1161.844  138576.66
1161.9662  140492.34
1162.0884  142606.41
1162.2106  144942.66
1162.3328  147528.18
1162.455  150393.88
1162.5772  153574.97
1162.6994  157111.58
1162.8216  161049.32
1162.9438  165439.83
1163.066  170341.24
1163.1883  175818.49
1163.3105  181943.18
1163.4327  188792.98
1163.5549  196450.11
1163.6771  204998.54
1163.7993  214519.58
1163.9215  225085.31
1164.0437  236749.42
1164.1659  249535.48
1164.2881  263422.6
1164.4103  278329.53
1164.5325  294098.6
1164.6547  310482.15
1164.7769  327134.25
1164.8991  343611.36
1165.0213  359384.86
1165.1435  373867.02
1165.2657  386450.38
1165.3879  396557.36
1165.5101  403694.78
1165.6323  407505.91
1165.7545  407812.21
1165.8768  404638.21
1165.999  398215.36
1166.1212  388964.59
1166.2434  377460.92
1166.3656  364386.05
1166.4878  350476.51
1166.61  336474.42
1166.7322  323086.18
1166.8544  310952.01
1166.9766  300626.49
1167.0988  292568.44
1167.221  287137
1167.3432  284590.83
1167.4654  285087.7
1167.5876  288682.82
1167.7098  295325.51
1167.832  304854.85
1167.9542  316995.83
1168.0764  331358.09
1168.1986  347439.12
1168.3208  364634
1168.443  382252.41
1168.5653  399543.68
1168.6875  415728.78
1168.8097  430037.88
1168.9319  441750.86
1169.0541  450237.75
1169.1763  454995.63
1169.2985  455678.74
1169.4207  452119.11
1169.5429  444335.59
1169.6651  432530.48
1169.7873  417074.05
1169.9095  398478.25
1170.0317  377362.2
1170.1539  354412.36
1170.2761  330340.95
1170.3983  305845.87
1170.5205  281575.29
1170.6427  258098.91
1170.7649  235887.77
1170.8871  215302.74
1171.0093  196591.74
1171.1315  179894.42
1171.2538  165252.97
1171.376  152627.06
1171.4982  141911.25
1171.6204  132952.97
1171.7426  125569.75
1171.8648  119564.49
1171.987  114738.24
1172.1092  110900
1172.2314  107873.72
1172.3536  105502.54
1172.4758  103650.86
1172.598  102204.51
1172.7202  101069.78
1172.8424  100171.4
1172.9646  99450.25
1173.0868  98860.786
1173.209  98368.573
1173.3312  97948.033
1173.4534  97580.466
1173.5756  97252.396
1173.6978  96954.236
1173.82  96679.223
1173.9423  96422.62
1174.0645  96181.113
1174.1867  95952.366
1174.3089  95734.718
1174.4311  95526.956
1174.5533  95328.172
1174.6755  95137.658
1174.7977  94954.843
1174.9199  94779.247
1175.0421  94610.453
1175.1643  94448.094
1175.2865  94291.832
1175.4087  94141.362
1175.5309  93996.398
1175.6531  93856.674
1175.7753  93721.94
1175.8975  93591.963
1176.0197  93466.524
1176.1419  93345.414
1176.2641  93228.438
1176.3863  93115.411
1176.5085  93006.16
1176.6308  92900.518
1176.753  92798.331
1176.8752  92699.451
1176.9974  92603.738
1177.1196  92511.059
1177.2418  92421.289
1177.364  92334.309
1177.4862  92250.005
1177.6084  92168.27
1177.7306  92089.003
1177.8528  92012.105
1177.975  91937.484
1178.0972  91865.054
1178.2194  91794.729
1178.3416  91726.431
1178.4638  91660.082
1178.586  91595.612
1178.7082  91532.951
1178.8304  91472.033
1178.9526  91412.794
1179.0748  91355.175
1179.197  91299.119
1179.3193  91244.57
1179.4415  91191.476
1179.5637  91139.787
1179.6859  91089.454
1179.8081  91040.432
1179.9303  90992.676
1180.0525  90946.144
1180.1747  90900.796
1180.2969  90856.592
1180.4191  90813.496
1180.5413  90771.472
1180.6635  90730.486
1180.7857  90690.504

1144.8576  126623.72
1144.9798  126539.04
1145.102  126453.49
1145.2242  126367.07
1145.3464  126279.76
1145.4686  126191.55
1145.5908  126102.44
1145.713  126012.41
1145.8352  125921.45
1145.9574  125829.56
1146.0796  125736.73
1146.2018  125642.94
1146.324  125548.19
1146.4462  125452.46
1146.5684  125355.75
1146.6906  125258.05
1146.8128  125159.34
1146.935  125059.63
1147.0572  124958.89
1147.1795  124857.12
1147.3017  124754.31
1147.4239  124650.45
1147.5461  124545.54
1147.6683  124439.55
1147.7905  124332.49
1147.9127  124224.34
1148.0349  124115.09
1148.1571  124004.74
1148.2793  123893.27
1148.4015  123780.68
1148.5237  123666.96
1148.6459  123552.1
1148.7681  123436.08
1148.8903  123318.91
1149.0125  123200.57
1149.1347  123081.06
1149.2569  122960.36
1149.3791  122838.46
1149.5013  122715.37
1149.6235  122591.06
1149.7457  122465.54
1149.868  122338.79
1149.9902  122210.81
1150.1124  122081.58
1150.2346  121951.11
1150.3568  121819.38
1150.479  121686.38
1150.6012  121552.11
1150.7234  121416.56
1150.8456  121279.73
1150.9678  121141.6
1151.09  121002.17
1151.2122  120861.43
1151.3344  120719.38
1151.4566  120576.01
1151.5788  120431.31
1151.701  120285.28
1151.8232  120137.91
1151.9454  119989.19
1152.0676  119839.12
1152.1898  119687.7
1152.312  119534.91
1152.4342  119380.76
1152.5565  119225.24
1152.6787  119068.34
1152.8009  118910.06
1152.9231  118750.39
1153.0453  118589.33
1153.1675  118426.88
1153.2897  118263.03
1153.4119  118097.78
1153.5341  117931.13
1153.6563  117763.06
1153.7785  117593.59
1153.9007  117422.7
1154.0229  117250.4
1154.1451  117076.68
1154.2673  116901.53
1154.3895  116724.97
1154.5117  116546.98
1154.6339  116367.56
1154.7561  116186.72
1154.8783  116004.45
1155.0005  115820.76
1155.1227  115635.63
1155.245  115449.08
1155.3672  115261.1
1155.4894  115071.69
1155.6116  114880.86
1155.7338  114688.6
1155.856  114494.92
1155.9782  114299.81
1156.1004  114103.29
1156.2226  113905.34
1156.3448  113705.99
1156.467  113505.21
1156.5892  113303.03
1156.7114  113099.45
1156.8336  112894.46
1156.9558  112688.08
1157.078  112480.3
1157.2002  112271.13
1157.3224  112060.59
1157.4446  111848.66
1157.5668  111635.36
1157.689  111420.7
1157.8112  111204.68
1157.9335  110987.31
1158.0557  110768.6
1158.1779  110548.55
1158.3001  110327.17
1158.4223  110104.47
1158.5445  109880.46
1158.6667  109655.15
1158.7889  109428.55
1158.9111  109200.68
1159.0333  108971.53
1159.1555  108741.12
1159.2777  108509.47
1159.3999  108276.58
1159.5221  108042.47
1159.6443  107807.15
1159.7665  107570.64
1159.8887  107332.95
1160.0109  107094.09
1160.1331  106854.08
1160.2553  106612.94
1160.3775  106370.68
1160.4997  106127.31
1160.622  105882.87
1160.7442  105637.37
1160.8664  105390.82
1160.9886  105143.25
1161.1108  104894.67
1161.233  104645.12
1161.3552  104394.61
1161.4774  104143.17
1161.5996  103890.82
1161.7218  103637.59
1161.844  103383.51
1161.9662  103128.61
1162.0884  102872.92
1162.2106  102616.46
1162.3328  102359.29
1162.455  102101.43
1162.5772  101842.92
1162.6994  101583.8
1162.8216  101324.12
1162.9438  101063.93
1163.066  100803.28
1163.1883  100542.23
1163.3105  100280.83
1163.4327  100019.16
1163.5549  99757.301
1163.6771  99495.334
1163.7993  99233.37
1163.9215  98971.541
1164.0437  98710.017
1164.1659  98449.028
1164.2881  98188.895
1164.4103  97930.078
1164.5325  97673.259
1164.6547  97419.456
1164.7769  97170.196
1164.8991  96927.772
1165.0213  96695.597
1165.1435  96478.712
1165.2657  96284.462
1165.3879  96123.413
1165.5101  96010.515
1165.6323  95966.587
1165.7545  96020.106
1165.8768  96209.311
1165.999  96584.572
1166.1212  97210.898
1166.2434  98170.421
1166.3656  99564.597
1166.4878  101515.76
1166.61  104167.63
1166.7322  107684.3
1166.8544  112247.17
1166.9766  118049.47
1167.0988  125287.93
1167.221  134151.56
1167.3432  144807.62
1167.4654  157385.22
1167.5876  171957.66
1167.7098  188524.35
1167.832  206994.35
1167.9542  227173.04
1168.0764  248753.87
1168.1986  271316.91
1168.3208  294335.57
1168.443  317192
1168.5653  339201.32
1168.6875  359643.52
1168.8097  377801.24
1168.9319  393000.74
1169.0541  404652.85
1169.1763  412290.47
1169.2985  415599.29
1169.4207  414438.88
1169.5429  408852.27
1169.6651  399063
1169.7873  385459.97
1169.9095  368571.58
1170.0317  349031.42
1170.1539  327538.76
1170.2761  304817.15
1170.3983  281574.56
1170.5205  258468.07
1170.6427  236075.37
1170.7649  214874.57
1170.8871  195232.93
1171.0093  177404.04
1171.1315  161532.68
1171.2538  147665.62
1171.376  135766.69
1171.4982  125734.2
1171.6204  117418.96
1171.7426  110641.55
1171.8648  105207.69
1171.987  100920.93
1172.1092  97592.613
1172.2314  95048.766
1172.3536  93134.465
1172.4758  91715.852
1172.598  90680.395
1172.7202  89935.833
1172.8424  89408.278
1172.9646  89039.851
1173.0868  88786.158
1173.209  88613.828
1173.3312  88498.261
1173.4534  88421.666
1173.5756  88371.406
1173.6978  88338.67
1173.82  88317.419
1173.9423  88303.584
1174.0645  88294.473
1174.1867  88288.332
1174.3089  88284.038
1174.4311  88280.882
1174.5533  88278.425
1174.6755  88276.398
1174.7977  88274.641
1174.9199  88273.056
1175.0421  88271.588
1175.1643  88270.205
1175.2865  88268.886
1175.4087  88267.622
1175.5309  88266.405
1175.6531  88265.233
1175.7753  88264.102
1175.8975  88263.011
1176.0197  88261.959
1176.1419  88260.944
1176.2641  88259.966
1176.3863  88259.024
1176.5085  88258.116
1176.6308  88257.243
1176.753  88256.404
1176.8752  88255.597
1176.9974  88254.823
1177.1196  88254.08
1177.2418  88253.369
1177.364  88252.687
1177.4862  88252.036
1177.6084  88251.414
1177.7306  88250.82
1177.8528  88250.255
1177.975  88249.717
1178.0972  88249.206
1178.2194  88248.722
1178.3416  88248.264
1178.4638  88247.832
1178.586  88247.425
1178.7082  88247.043
1178.8304  88246.686
1178.9526  88246.352
1179.0748  88246.042
1179.197  88245.755
1179.3193  88245.491
1179.4415  88245.249
1179.5637  88245.03
1179.6859  88244.832
1179.8081  88244.655
1179.9303  88244.499
1180.0525  88244.364
1180.1747  88244.249
1180.2969  88244.154
1180.4191  88244.079
1180.5413  88244.022
1180.6635  88243.985
1180.7857  88243.967

1144.8576  127907.33
1144.9798  127837.8
1145.102  127767.68
1145.2242  127696.95
1145.3464  127625.62
1145.4686  127553.68
1145.5908  127481.14
1145.713  127407.98
1145.8352  127334.2
1145.9574  127259.82
1146.0796  127184.81
1146.2018  127109.18
1146.324  127032.94
1146.4462  126956.07
1146.5684  126878.58
1146.6906  126800.47
1146.8128  126721.73
1146.935  126642.37
1147.0572  126562.4
1147.1795  126481.8
1147.3017  126400.58
1147.4239  126318.75
1147.5461  126236.31
1147.6683  126153.25
1147.7905  126069.58
1147.9127  125985.31
1148.0349  125900.43
1148.1571  125814.97
1148.2793  125728.91
1148.4015  125642.26
1148.5237  125555.04
1148.6459  125467.24
1148.7681  125378.88
1148.8903  125289.96
1149.0125  125200.5
1149.1347  125110.49
1149.2569  125019.96
1149.3791  124928.92
1149.5013  124837.37
1149.6235  124745.33
1149.7457  124652.81
1149.868  124559.83
1149.9902  124466.4
1150.1124  124372.54
1150.2346  124278.27
1150.3568  124183.61
1150.479  124088.57
1150.6012  123993.18
1150.7234  123897.46
1150.8456  123801.43
1150.9678  123705.13
1151.09  123608.57
1151.2122  123511.79
1151.3344  123414.81
1151.4566  123317.67
1151.5788  123220.41
1151.701  123123.04
1151.8232  123025.63
1151.9454  122928.19
1152.0676  122830.78
1152.1898  122733.44
1152.312  122636.22
1152.4342  122539.16
1152.5565  122442.31
1152.6787  122345.74
1152.8009  122249.49
1152.9231  122153.64
1153.0453  122058.24
1153.1675  121963.35
1153.2897  121869.06
1153.4119  121775.44
1153.5341  121682.56
1153.6563  121590.51
1153.7785  121499.38
1153.9007  121409.26
1154.0229  121320.25
1154.1451  121232.46
1154.2673  121145.98
1154.3895  121060.95
1154.5117  120977.47
1154.6339  120895.69
1154.7561  120815.73
1154.8783  120737.74
1155.0005  120661.89
1155.1227  120588.32
1155.245  120517.21
1155.3672  120448.74
1155.4894  120383.12
1155.6116  120320.53
1155.7338  120261.21
1155.856  120205.37
1155.9782  120153.28
1156.1004  120105.19
1156.2226  120061.37
1156.3448  120022.14
1156.467  119987.79
1156.5892  119958.67
1156.7114  119935.14
1156.8336  119917.59
1156.9558  119906.42
1157.078  119902.07
1157.2002  119905.01
1157.3224  119915.76
1157.4446  119934.83
1157.5668  119962.83
1157.689  120000.36
1157.8112  120048.11
1157.9335  120106.78
1158.0557  120177.16
1158.1779  120260.09
1158.3001  120356.47
1158.4223  120467.28
1158.5445  120593.57
1158.6667  120736.5
1158.7889  120897.31
1158.9111  121077.36
1159.0333  121278.11
1159.1555  121501.17
1159.2777  121748.3
1159.3999  122021.39
1159.5221  122322.54
1159.6443  122654.04
1159.7665  123018.41
1159.8887  123418.41
1160.0109  123857.08
1160.1331  124337.78
1160.2553  124864.21
1160.3775  125440.49
1160.4997  126071.15
1160.622  126761.26
1160.7442  127516.45
1160.8664  128342.99
1160.9886  129247.89
1161.1108  130239.02
1161.233  131325.19
1161.3552  132516.32
1161.4774  133823.56
1161.5996  135259.54
1161.7218  136838.52
1161.844  138576.66
1161.9662  140492.34
1162.0884  142606.41
1162.2106  144942.66
1162.3328  147528.18
1162.455  150393.88
1162.5772  153574.97
1162.6994  157111.58
1162.8216  161049.32
1162.9438  165439.83
1163.066  170341.24
1163.1883  175818.48
1163.3105  181943.16
1163.4327  188792.95
1163.5549  196450.04
1163.6771  204998.41
1163.7993  214519.34
1163.9215  225084.86
1164.0437  236748.61
1164.1659  249534.01
1164.2881  263419.99
1164.4103  278324.95
1164.5325  294090.68
1164.6547  310468.63
1164.7769  327111.49
1164.8991  343573.59
1165.0213  359323.01
1165.1435  373767.15
1165.2657  386291.32
1165.3879  396307.49
1165.5101  403307.63
1165.6323  406914.27
1165.7545  406920.45
1165.8768  403312.48
1165.999  396271.44
1166.1212  386153.27
1166.2434  373450.8
1166.3656  358744.24
1166.4878  342647.75
1166.61  325759.69
1166.7322  308622.36
1166.8544  291694.57
1166.9766  275337.73
1167.0988  259814
1167.221  245293.63
1167.3432  231868.25
1167.4654  219566.72
1167.5876  208371.32
1167.7098  198232.33
1167.832  189080.22
1167.9542  180835.14
1168.0764  173413.87
1168.1986  166734.45
1168.3208  160719.22
1168.443  155296.42
1168.5653  150400.92
1168.6875  145974.37
1168.8097  141964.92
1168.9319  138326.75
1169.0541  135019.51
1169.1763  132007.72
1169.2985  129260.19
1169.4207  126749.44
1169.5429  124451.27
1169.6651  122344.26
1169.7873  120409.46
1169.9095  118630.02
1170.0317  116990.91
1170.1539  115478.73
1170.2761  114081.48
1170.3983  112788.4
1170.5205  111589.83
1170.6427  110477.08
1170.7649  109442.36
1170.8871  108478.65
1171.0093  107579.65
1171.1315  106739.69
1171.2538  105953.67
1171.376  105217.02
1171.4982  104525.61
1171.6204  103875.76
1171.7426  103264.12
1171.8648  102687.7
1171.987  102143.79
1172.1092  101629.96
1172.2314  101143.98
1172.3536  100683.86
1172.4758  100247.78
1172.598  99834.072
1172.7202  99441.229
1172.8424  99067.866
1172.9646  98712.714
1173.0868  98374.608
1173.209  98052.476
1173.3312  97745.33
1173.4534  97452.258
1173.5756  97172.417
1173.6978  96905.025
1173.82  96649.358
1173.9423  96404.745
1174.0645  96170.56
1174.1867  95946.221
1174.3089  95731.189
1174.4311  95524.957
1174.5533  95327.055
1174.6755  95137.043
1174.7977  94954.509
1174.9199  94779.067
1175.0421  94610.359
1175.1643  94448.044
1175.2865  94291.807
1175.4087  94141.349
1175.5309  93996.391
1175.6531  93856.67
1175.7753  93721.938
1175.8975  93591.963
1176.0197  93466.523
1176.1419  93345.414
1176.2641  93228.438
1176.3863  93115.411
1176.5085  93006.16
1176.6308  92900.518
1176.753  92798.331
1176.8752  92699.451
1176.9974  92603.738
1177.1196  92511.059
1177.2418  92421.289
1177.364  92334.309
1177.4862  92250.005
1177.6084  92168.27
1177.7306  92089.003
1177.8528  92012.105
1177.975  91937.484
1178.0972  91865.054
1178.2194  91794.729
1178.3416  91726.431
1178.4638  91660.082
1178.586  91595.612
1178.7082  91532.951
1178.8304  91472.033
1178.9526  91412.794
1179.0748  91355.175
1179.197  91299.119
1179.3193  91244.57
1179.4415  91191.476
1179.5637  91139.787
1179.6859  91089.454
1179.8081  91040.432
1179.9303  90992.676
1180.0525  90946.144
1180.1747  90900.796
1180.2969  90856.592
1180.4191  90813.496
1180.5413  90771.472
1180.6635  90730.486
1180.7857  90690.504