1093.64  6168.8099
1094.14  6102.1009
1094.64  6069.5358
1095.14  6068.1812
1095.64  6081.2408
1096.14  6114.7517
1096.64  6079.2973
1097.14  6033.3231
1097.64  6101.0759
1098.14  6164.056
1098.64  6123.571
1099.14  6129.7932
1099.64  6184.0718
1100.14  6139.2032
1100.64  6114.8205
1101.14  6118.7791
1101.64  6111.7525
1102.14  6119.2304
1102.64  6118.7249
1103.14  6128.9608
1103.64  6131.3791
1104.14  6045.2655
1104.64  6084.7732
1105.14  6036.0158
1105.64  6155.9423
1106.14  6123.3244
1106.64  6133.27
1107.14  6024.204
1107.64  6007.8838
1108.14  6111.8776
1108.64  6110.8103
1109.14  6143.4647
1109.64  6138.3167
1110.14  6149.0087
1110.64  6153.9142
1111.14  6197.4499
1111.64  6170.695
1112.14  6072.3938
1112.64  6135.0175
1113.14  6189.1557
1113.64  6212.2635
1114.14  6157.3222
1114.64  6143.849
1115.14  6167.6184
1115.64  6143.8019
1116.14  6182.5043
1116.64  6198.2297
1117.14  6219.1887
1117.64  6211.6413
1118.14  6174.2909
1118.64  6141.9941
1119.14  6160.121
1119.64  6193.511
1120.14  6246.6647
1120.64  6270.5026
1121.14  6246.8575
1121.64  6239.0597
1122.14  6263.2633
1122.64  6250.835
1123.14  6208.6579
1123.64  6191.6501
1124.14  6209.988
1124.64  6179.0371
1125.14  6141.7297
1125.64  6270.831
1126.14  6303.916
1126.64  6230.8892
1127.14  6351.8043
1127.64  6277.5374
1128.14  6273.3003
1128.64  6329.2589
1129.14  6261.0528
1129.64  6299.1264
1130.14  6356.1383
1130.64  6390.7689
1131.14  6481.889
1131.64  6410.7637
1132.14  6467.1819
1132.64  6380.2999
1133.14  6489.9856
1133.64  6527.9264
1134.14  6457.2407
1134.64  6508.6815
1135.14  6459.8027
1135.64  6413.7979
1136.14  6436.9405
1136.64  6490.3085
1137.14  6483.8823
1137.64  6475.9811
1138.14  6499.4392
1138.64  6522.4198
1139.14  6476.7474
1139.64  6602.6582
1140.14  6580.5664
1140.64  6583.4864
1141.14  6513.7732
1141.64  6544.151
1142.14  6577.2022
1142.64  6546.4238
1143.14  6537.8911
1143.64  6519.3349
1144.14  6551.0319
1144.64  6533.4967
1145.14  6523.9695
1145.64  6404.7181
1146.14  6434.2445
1146.64  6412.7221
1147.14  6426.6451
1147.64  6272.8675
1148.14  6260.7932
1148.64  6278.8764
1149.14  6355.1825
1149.64  6328.2971
1150.14  6357.2885
1150.64  6402.103
1151.14  6476.6337
1151.64  6379.6541
1152.14  6401.1313
1152.64  6454.3549
1153.14  6437.4424
1153.64  6456.2696
1154.14  6527.124
1154.64  6484.0035
1155.14  6525.7108
1155.64  6567.6666
1156.14  6538.8508
1156.64  6506.19
1157.14  6441.3788
1157.64  6496.2464
1158.14  6560.5051
1158.64  6579.97
1159.14  6582.6731
1159.64  6539.355
1160.14  6549.5945
1160.64  6518.8695
1161.14  6583.8004
1161.64  6700.4781
1162.14  6857.1819
1162.64  7077.4081
1163.14  7228.4159
1163.64  7751.0525
1164.14  8938.85
1164.64  12376.309
1165.14  22005.328
1165.64  29165.844
1166.14  19325.432
1166.64  10774.558
1167.14  8453.9082
1167.64  8517.1067
1168.14  11031.546
1168.64  20153.88
1169.14  33717.488
1169.64  27198.667
1170.14  12714.693
1170.64  7314.0624
1171.14  5670.561
1171.64  4881.2709
1172.14  4565.1241
1172.64  4491.8371
1173.14  4804.6487
1173.64  5582.9414
1174.14  5964.6046
1174.64  5282.1626
1175.14  4895.2428
1175.64  5052.1547
1176.14  5014.2591
1176.64  4664.2383
1177.14  5265.822
1177.64  6026.0039
1178.14  5461.9987
1178.64  4851.761
1179.14  5001.5468
1179.64  5011.7968
1180.14  4385.6583
1180.64  3797.6191
1181.14  3534.1414
1181.64  3414.624
1182.14  3371.5953
1182.64  3329.4969
1183.14  3301.669
1183.64  3244.0802
1184.14  3187.1157
1184.64  3194.8331
1185.14  3218.0422
1185.64  3263.6853
1186.14  3318.4221
1186.64  3317.2985
1187.14  3248.9611
1187.64  3154.5398
1188.14  3138.6427
1188.64  3125.664
1189.14  3084.8114
1189.64  3124.5414
1190.14  3130.15
1190.64  3130.5564
1191.14  3119.5516
1191.64  3029.0943