1238.64  326.04726
1238.69  324.68232
1238.74  324.19246
1238.79  325.29958
1238.84  317.71209
1238.89  319.59647
1238.94  323.07975
1238.99  324.34742
1239.04  321.99219
1239.09  326.9144
1239.14  317.61811
1239.19  326.0521
1239.24  328.3456
1239.29  317.67504
1239.34  325.24916
1239.39  319.76793
1239.44  326.25624
1239.49  322.27854
1239.54  325.0702
1239.59  324.30677
1239.64  317.17013
1239.69  325.91216
1239.74  318.87623
1239.79  320.00829
1239.84  322.2244
1239.89  323.89848
1239.94  322.89696
1239.99  326.31623
1240.04  316.988
1240.09  324.16141
1240.14  328.77174
1240.19  327.80073
1240.24  323.76106
1240.29  318.17836
1240.34  317.74112
1240.39  321.37933
1240.44  322.96655
1240.49  313.90144
1240.54  320.44888
1240.59  317.20058
1240.64  316.04589
1240.69  318.77634
1240.74  319.10147
1240.79  320.54158
1240.84  320.62701
1240.89  312.97168
1240.94  319.77935
1240.99  306.72666
1241.04  311.24493
1241.09  310.96004
1241.14  315.75148
1241.19  306.38896
1241.24  311.94311
1241.29  320.77156
1241.34  317.42794
1241.39  317.8939
1241.44  320.7749
1241.49  313.94238
1241.54  310.89568
1241.59  313.448
1241.64  313.33064
1241.69  310.09888
1241.74  305.1686
1241.79  310.13497
1241.84  314.27081
1241.89  307.72486
1241.94  307.53802
1241.99  307.17348
1242.04  313.94242
1242.09  308.87894
1242.14  314.75529
1242.19  318.23195
1242.24  306.87703
1242.29  313.37697
1242.34  315.7399
1242.39  304.70858
1242.44  303.77771
1242.49  314.97546
1242.54  313.68678
1242.59  310.02624
1242.64  308.62576
1242.69  314.4118
1242.74  314.64313
1242.79  307.77653
1242.84  310.22254
1242.89  306.06615
1242.94  311.54375
1242.99  310.60731
1243.04  299.5068
1243.09  299.92485
1243.14  317.51058
1243.19  318.23358
1243.24  313.19006
1243.29  309.09767
1243.34  316.90375
1243.39  313.73442
1243.44  312.28021
1243.49  307.99085
1243.54  315.45183
1243.59  306.08371
1243.64  312.26315
1243.69  312.81518
1243.74  311.54352
1243.79  310.62446
1243.84  316.92496
1243.89  319.87544
1243.94  323.38685
1243.99  317.75171
1244.04  313.93888
1244.09  321.87135
1244.14  330.20616
1244.19  328.41032
1244.24  330.27174
1244.29  324.78561
1244.34  330.187
1244.39  339.3512
1244.44  333.04218
1244.49  330.56885
1244.54  333.98702
1244.59  339.35948
1244.64  344.18986
1244.69  354.41486
1244.74  337.38609
1244.79  343.37838
1244.84  340.74098
1244.89  342.00142
1244.94  341.4084
1244.99  338.06737
1245.04  342.94992
1245.09  345.40559
1245.14  350.46202
1245.19  346.25525
1245.24  344.51588
1245.29  350.11996
1245.34  354.02431
1245.39  352.28489
1245.44  353.03859
1245.49  343.29009
1245.54  347.16479
1245.59  347.26172
1245.64  350.5876
1245.69  351.67216
1245.74  348.09535
1245.79  345.24132
1245.84  344.62249
1245.89  347.2516
1245.94  337.43896
1245.99  342.04771
1246.04  338.2965
1246.09  343.14916
1246.14  339.77854
1246.19  335.32472
1246.24  338.04898
1246.29  346.07124
1246.34  348.37073
1246.39  335.19424
1246.44  337.1156
1246.49  346.17819
1246.54  344.60128
1246.59  338.87482
1246.64  340.87218
1246.69  339.78588
1246.74  340.99435
1246.79  343.92366
1246.84  343.70453
1246.89  347.23387
1246.94  341.70257
1246.99  350.14663
1247.04  348.99418
1247.09  342.64348
1247.14  347.05254
1247.19  339.49349
1247.24  340.31736
1247.29  344.82484
1247.34  346.65436
1247.39  346.58666
1247.44  345.27014
1247.49  348.68737
1247.54  350.11014
1247.59  346.435
1247.64  347.45906
1247.69  347.86901
1247.74  347.16839
1247.79  343.4991
1247.84  336.91945
1247.89  337.57562
1247.94  342.51855
1247.99  336.59447
1248.04  339.39466
1248.09  341.47611
1248.14  341.69629
1248.19  342.42937
1248.24  345.97854
1248.29  339.71768
1248.34  345.16366
1248.39  341.73444
1248.44  336.47499
1248.49  339.79273
1248.54  339.57639
1248.59  340.24577
1248.64  337.56499
1248.69  332.21523
1248.74  329.21954
1248.79  325.26852
1248.84  325.03363
1248.89  327.03863
1248.94  331.31783
1248.99  329.8222
1249.04  322.04696
1249.09  323.39959
1249.14  325.46727
1249.19  319.60544
1249.24  314.24536
1249.29  323.0175
1249.34  319.04307
1249.39  314.03132
1249.44  310.32152
1249.49  308.0916
1249.54  308.53111
1249.59  315.26938
1249.64  316.2369
1249.69  310.24948
1249.74  311.37277
1249.79  312.37941
1249.84  305.77339
1249.89  303.30649
1249.94  307.11899
1249.99  310.48295
1250.04  307.80003
1250.09  296.59388
1250.14  299.43707
1250.19  301.91605
1250.24  297.81542
1250.29  302.86718
1250.34  300.81471
1250.39  303.40449
1250.44  309.99784
1250.49  311.58979
1250.54  306.63981
1250.59  304.17329
1250.64  298.19495
1250.69  305.31377
1250.74  302.88816
1250.79  302.65596
1250.84  298.79612
1250.89  305.54042
1250.94  299.33659
1250.99  304.17675
1251.04  294.30434
1251.09  301.67798
1251.14  299.24975
1251.19  304.64561
1251.24  301.24799
1251.29  303.8695
1251.34  305.04376
1251.39  310.42666
1251.44  305.40454
1251.49  298.37849
1251.54  298.36376
1251.59  302.68867
1251.64  295.3512
1251.69  293.37736
1251.74  294.44363
1251.79  291.96727
1251.84  290.13925
1251.89  291.99509
1251.94  296.83303
1251.99  294.79479
1252.04  294.4789
1252.09  304.36499
1252.14  300.63497
1252.19  296.73132
1252.24  299.59755
1252.29  297.41375
1252.34  303.88017
1252.39  295.97433
1252.44  301.58114
1252.49  299.22959
1252.54  302.24599
1252.59  298.11588
1252.64  296.68422
1252.69  306.83874
1252.74  300.6487
1252.79  297.06383
1252.84  293.82449
1252.89  295.58971
1252.94  296.9642
1252.99  297.08078
1253.04  295.87156
1253.09  292.67322
1253.14  292.0958
1253.19  294.40464
1253.24  297.01702
1253.29  294.27576
1253.34  304.43683
1253.39  294.31795
1253.44  295.22716
1253.49  286.97924
1253.54  288.29798
1253.59  292.694
1253.64  289.8415
1253.69  290.98072
1253.74  289.44706
1253.79  287.21471
1253.84  291.8335
1253.89  291.20258
1253.94  294.89421
1253.99  286.88876
1254.04  294.49315
1254.09  291.97956
1254.14  292.49581
1254.19  288.73044
1254.24  292.67778
1254.29  288.5489
1254.34  281.81634
1254.39  295.57055
1254.44  288.54236
1254.49  289.11778
1254.54  298.25592
1254.59  295.4198
1254.64  290.01524
1254.69  296.88377
1254.74  286.99561
1254.79  292.77169
1254.84  285.62799
1254.89  288.78504
1254.94  291.68831
1254.99  291.43811
1255.04  298.57497
1255.09  296.78856
1255.14  289.28501
1255.19  288.79753
1255.24  294.13939
1255.29  288.63351
1255.34  290.35689
1255.39  292.7889
1255.44  285.78258
1255.49  291.9611
1255.54  287.48428
1255.59  286.80088
1255.64  289.4675
1255.69  289.65143
1255.74  286.60327
1255.79  297.09186
1255.84  293.42682
1255.89  297.20055
1255.94  291.81179
1255.99  294.96294
1256.04  292.43229
1256.09  288.12321
1256.14  292.53064
1256.19  293.53694
1256.24  292.45787
1256.29  290.94125
1256.34  291.70754
1256.39  292.32231
1256.44  289.9418
1256.49  288.14527
1256.54  292.6092
1256.59  288.42281
1256.64  286.6988
1256.69  285.91076
1256.74  292.32565
1256.79  283.8226
1256.84  283.03876
1256.89  289.29625
1256.94  292.3739
1256.99  288.13508
1257.04  292.27599
1257.09  285.0133
1257.14  295.02216
1257.19  294.74634
1257.24  289.15925
1257.29  288.14254
1257.34  282.56997
1257.39  281.27016
1257.44  288.78083
1257.49  292.96615
1257.54  288.82188
1257.59  286.10584
1257.64  290.30643
1257.69  300.26931
1257.74  290.02728
1257.79  297.55858
1257.84  286.24025
1257.89  280.43691
1257.94  283.72644
1257.99  289.20493
1258.04  296.01875
1258.09  290.42121
1258.14  294.89838
1258.19  293.41987
1258.24  280.97893
1258.29  281.14549
1258.34  280.49535
1258.39  290.61935
1258.44  291.79634
1258.49  289.70768
1258.54  288.37301
1258.59  284.14009
1258.64  294.13167